182638_0.jpg 1 -1 -1 -1 -1 -1 -1 -1 1 -1 1 -1 -1
182638_1.jpg -1 1 -1 -1 -1 -1 -1 -1 1 -1 1 -1 -1
182638_2.jpg -1 1 1 -1 -1 -1 -1 -1 1 -1 1 -1 -1
182638_3.jpg -1 1 -1 1 -1 -1 -1 -1 1 -1 1 -1 -1
182638_4.jpg -1 1 -1 -1 1 -1 -1 -1 1 -1 1 -1 -1
182638_5.jpg -1 1 -1 -1 1 1 -1 -1 1 -1 1 -1 -1
182638_6.jpg -1 1 -1 -1 1 1 1 -1 1 -1 1 -1 -1
182638_7.jpg -1 1 -1 -1 1 1 1 1 1 -1 1 -1 -1
182638_8.jpg -1 1 -1 -1 1 1 1 1 -1 -1 1 -1 -1
182638_9.jpg -1 1 -1 -1 1 1 1 1 -1 1 -1 -1 -1
182638_10.jpg -1 1 -1 -1 1 1 1 1 -1 -1 1 -1 -1
182638_11.jpg -1 1 -1 -1 1 1 1 1 -1 -1 1 1 -1
182638_12.jpg -1 1 -1 -1 1 1 1 1 -1 -1 1 1 1
182639_0.jpg 1 -1 1 -1 -1 1 -1 -1 -1 -1 1 -1 1
182639_1.jpg -1 1 1 -1 -1 1 -1 -1 -1 -1 1 -1 1
182639_2.jpg -1 1 -1 -1 -1 1 -1 -1 -1 -1 1 -1 1
182639_3.jpg -1 1 -1 1 -1 1 -1 -1 -1 -1 1 -1 1
182639_4.jpg -1 1 -1 -1 1 1 -1 -1 -1 -1 1 -1 1
182639_5.jpg -1 1 -1 -1 1 -1 -1 -1 -1 -1 1 -1 1
182639_6.jpg -1 1 -1 -1 1 -1 1 -1 -1 -1 1 -1 1
182639_7.jpg -1 1 -1 -1 1 -1 1 1 -1 -1 1 -1 1
182639_8.jpg -1 1 -1 -1 1 -1 1 1 1 -1 1 -1 1
182639_9.jpg -1 1 -1 -1 1 -1 1 1 1 1 -1 -1 1
182639_10.jpg -1 1 -1 -1 1 -1 1 1 1 -1 1 -1 1
182639_11.jpg -1 1 -1 -1 1 -1 1 1 1 -1 1 1 1
182639_12.jpg -1 1 -1 -1 1 -1 1 1 1 -1 1 1 -1
182640_0.jpg 1 -1 -1 -1 1 -1 -1 -1 1 -1 1 -1 1
182640_1.jpg -1 1 -1 -1 1 -1 -1 -1 1 -1 1 -1 1
182640_2.jpg -1 1 1 -1 -1 -1 -1 -1 1 -1 1 -1 1
182640_3.jpg -1 1 -1 1 -1 -1 -1 -1 1 -1 1 -1 1
182640_4.jpg -1 1 -1 -1 1 -1 -1 -1 1 -1 1 -1 1
182640_5.jpg -1 1 -1 -1 1 1 -1 -1 1 -1 1 -1 1
182640_6.jpg -1 1 -1 -1 1 1 1 -1 1 -1 1 -1 1
182640_7.jpg -1 1 -1 -1 1 1 1 1 1 -1 1 -1 1
182640_8.jpg -1 1 -1 -1 1 1 1 1 -1 -1 1 -1 1
182640_9.jpg -1 1 -1 -1 1 1 1 1 -1 1 -1 -1 1
182640_10.jpg -1 1 -1 -1 1 1 1 1 -1 -1 1 -1 1
182640_11.jpg -1 1 -1 -1 1 1 1 1 -1 -1 1 1 1
182640_12.jpg -1 1 -1 -1 1 1 1 1 -1 -1 1 1 -1
182641_0.jpg 1 -1 -1 -1 -1 -1 -1 -1 1 -1 1 -1 1
182641_1.jpg -1 1 -1 -1 -1 -1 -1 -1 1 -1 1 -1 1
182641_2.jpg -1 1 1 -1 -1 -1 -1 -1 1 -1 1 -1 1
182641_3.jpg -1 1 -1 1 -1 -1 -1 -1 1 -1 1 -1 1
182641_4.jpg -1 1 -1 -1 1 -1 -1 -1 1 -1 1 -1 1
182641_5.jpg -1 1 -1 -1 1 1 -1 -1 1 -1 1 -1 1
182641_6.jpg -1 1 -1 -1 1 1 1 -1 1 -1 1 -1 1
182641_7.jpg -1 1 -1 -1 1 1 1 1 1 -1 1 -1 1
182641_8.jpg -1 1 -1 -1 1 1 1 1 -1 -1 1 -1 1
182641_9.jpg -1 1 -1 -1 1 1 1 1 -1 1 -1 -1 1
182641_10.jpg -1 1 -1 -1 1 1 1 1 -1 -1 1 -1 1
182641_11.jpg -1 1 -1 -1 1 1 1 1 -1 -1 1 1 1
182641_12.jpg -1 1 -1 -1 1 1 1 1 -1 -1 1 1 -1
182642_0.jpg 1 -1 1 -1 -1 -1 -1 -1 1 -1 1 -1 1
182642_1.jpg -1 1 1 -1 -1 -1 -1 -1 1 -1 1 -1 1
182642_2.jpg -1 1 -1 -1 -1 -1 -1 -1 1 -1 1 -1 1
182642_3.jpg -1 1 -1 1 -1 -1 -1 -1 1 -1 1 -1 1
182642_4.jpg -1 1 -1 -1 1 -1 -1 -1 1 -1 1 -1 1
182642_5.jpg -1 1 -1 -1 1 1 -1 -1 1 -1 1 -1 1
182642_6.jpg -1 1 -1 -1 1 1 1 -1 1 -1 1 -1 1
182642_7.jpg -1 1 -1 -1 1 1 1 1 1 -1 1 -1 1
182642_8.jpg -1 1 -1 -1 1 1 1 1 -1 -1 1 -1 1
182642_9.jpg -1 1 -1 -1 1 1 1 1 -1 1 -1 -1 1
182642_10.jpg -1 1 -1 -1 1 1 1 1 -1 -1 1 -1 1
182642_11.jpg -1 1 -1 -1 1 1 1 1 -1 -1 1 1 1
182642_12.jpg -1 1 -1 -1 1 1 1 1 -1 -1 1 1 -1
182643_0.jpg 1 -1 1 -1 -1 1 -1 1 -1 -1 -1 -1 1
182643_1.jpg -1 1 1 -1 -1 1 -1 1 -1 -1 -1 -1 1
182643_2.jpg -1 1 -1 -1 -1 1 -1 1 -1 -1 -1 -1 1
182643_3.jpg -1 1 -1 1 -1 1 -1 1 -1 -1 -1 -1 1
182643_4.jpg -1 1 -1 -1 1 1 -1 1 -1 -1 -1 -1 1
182643_5.jpg -1 1 -1 -1 1 -1 -1 1 -1 -1 -1 -1 1
182643_6.jpg -1 1 -1 -1 1 -1 1 1 -1 -1 -1 -1 1
182643_7.jpg -1 1 -1 -1 1 -1 1 -1 -1 -1 -1 -1 1
182643_8.jpg -1 1 -1 -1 1 -1 1 -1 1 -1 -1 -1 1
182643_9.jpg -1 1 -1 -1 1 -1 1 -1 1 1 -1 -1 1
182643_10.jpg -1 1 -1 -1 1 -1 1 -1 1 -1 1 -1 1
182643_11.jpg -1 1 -1 -1 1 -1 1 -1 1 -1 1 1 1
182643_12.jpg -1 1 -1 -1 1 -1 1 -1 1 -1 1 1 -1
182644_0.jpg 1 -1 1 -1 -1 1 -1 1 1 -1 -1 -1 1
182644_1.jpg -1 1 1 -1 -1 1 -1 1 1 -1 -1 -1 1
182644_2.jpg -1 1 -1 -1 -1 1 -1 1 1 -1 -1 -1 1
182644_3.jpg -1 1 -1 1 -1 1 -1 1 1 -1 -1 -1 1
182644_4.jpg -1 1 -1 -1 1 1 -1 1 1 -1 -1 -1 1
182644_5.jpg -1 1 -1 -1 1 -1 -1 1 1 -1 -1 -1 1
182644_6.jpg -1 1 -1 -1 1 -1 1 1 1 -1 -1 -1 1
182644_7.jpg -1 1 -1 -1 1 -1 1 -1 1 -1 -1 -1 1
182644_8.jpg -1 1 -1 -1 1 -1 1 -1 -1 -1 -1 -1 1
182644_9.jpg -1 1 -1 -1 1 -1 1 -1 -1 1 -1 -1 1
182644_10.jpg -1 1 -1 -1 1 -1 1 -1 -1 -1 1 -1 1
182644_11.jpg -1 1 -1 -1 1 -1 1 -1 -1 -1 1 1 1
182644_12.jpg -1 1 -1 -1 1 -1 1 -1 -1 -1 1 1 -1
182645_0.jpg 1 -1 -1 -1 -1 -1 -1 -1 -1 -1 1 -1 1
182645_1.jpg -1 1 -1 -1 -1 -1 -1 -1 -1 -1 1 -1 1
182645_2.jpg -1 1 1 -1 -1 -1 -1 -1 -1 -1 1 -1 1
182645_3.jpg -1 1 -1 1 -1 -1 -1 -1 -1 -1 1 -1 1
182645_4.jpg -1 1 -1 -1 1 -1 -1 -1 -1 -1 1 -1 1
182645_5.jpg -1 1 -1 -1 1 1 -1 -1 -1 -1 1 -1 1
182645_6.jpg -1 1 -1 -1 1 1 1 -1 -1 -1 1 -1 1
182645_7.jpg -1 1 -1 -1 1 1 1 1 -1 -1 1 -1 1
182645_8.jpg -1 1 -1 -1 1 1 1 1 1 -1 1 -1 1
182645_9.jpg -1 1 -1 -1 1 1 1 1 1 1 -1 -1 1
182645_10.jpg -1 1 -1 -1 1 1 1 1 1 -1 1 -1 1
182645_11.jpg -1 1 -1 -1 1 1 1 1 1 -1 1 1 1
182645_12.jpg -1 1 -1 -1 1 1 1 1 1 -1 1 1 -1
182646_0.jpg 1 -1 1 -1 -1 -1 -1 -1 -1 -1 1 -1 1
182646_1.jpg -1 1 1 -1 -1 -1 -1 -1 -1 -1 1 -1 1
182646_2.jpg -1 1 -1 -1 -1 -1 -1 -1 -1 -1 1 -1 1
182646_3.jpg -1 1 -1 1 -1 -1 -1 -1 -1 -1 1 -1 1
182646_4.jpg -1 1 -1 -1 1 -1 -1 -1 -1 -1 1 -1 1
182646_5.jpg -1 1 -1 -1 1 1 -1 -1 -1 -1 1 -1 1
182646_6.jpg -1 1 -1 -1 1 1 1 -1 -1 -1 1 -1 1
182646_7.jpg -1 1 -1 -1 1 1 1 1 -1 -1 1 -1 1
182646_8.jpg -1 1 -1 -1 1 1 1 1 1 -1 1 -1 1
182646_9.jpg -1 1 -1 -1 1 1 1 1 1 1 -1 -1 1
182646_10.jpg -1 1 -1 -1 1 1 1 1 1 -1 1 -1 1
182646_11.jpg -1 1 -1 -1 1 1 1 1 1 -1 1 1 1
182646_12.jpg -1 1 -1 -1 1 1 1 1 1 -1 1 1 -1
182647_0.jpg 1 -1 1 -1 -1 -1 1 1 1 1 -1 -1 1
182647_1.jpg -1 1 1 -1 -1 -1 1 1 1 1 -1 -1 1
182647_2.jpg -1 1 -1 -1 -1 -1 1 1 1 1 -1 -1 1
182647_3.jpg -1 1 -1 1 -1 -1 1 1 1 1 -1 -1 1
182647_4.jpg -1 1 -1 -1 1 -1 1 1 1 1 -1 -1 1
182647_5.jpg -1 1 -1 -1 1 1 1 1 1 1 -1 -1 1
182647_6.jpg -1 1 -1 -1 1 1 -1 1 1 1 -1 -1 1
182647_7.jpg -1 1 -1 -1 1 1 -1 -1 1 1 -1 -1 1
182647_8.jpg -1 1 -1 -1 1 1 -1 -1 -1 1 -1 -1 1
182647_9.jpg -1 1 -1 -1 1 1 -1 -1 -1 -1 -1 -1 1
182647_10.jpg -1 1 -1 -1 1 1 -1 -1 -1 -1 1 -1 1
182647_11.jpg -1 1 -1 -1 1 1 -1 -1 -1 -1 1 1 1
182647_12.jpg -1 1 -1 -1 1 1 -1 -1 -1 -1 1 1 -1
182648_0.jpg 1 -1 -1 -1 -1 -1 1 1 -1 -1 1 -1 1
182648_1.jpg -1 1 -1 -1 -1 -1 1 1 -1 -1 1 -1 1
182648_2.jpg -1 1 1 -1 -1 -1 1 1 -1 -1 1 -1 1
182648_3.jpg -1 1 -1 1 -1 -1 1 1 -1 -1 1 -1 1
182648_4.jpg -1 1 -1 -1 1 -1 1 1 -1 -1 1 -1 1
182648_5.jpg -1 1 -1 -1 1 1 1 1 -1 -1 1 -1 1
182648_6.jpg -1 1 -1 -1 1 1 -1 1 -1 -1 1 -1 1
182648_7.jpg -1 1 -1 -1 1 1 -1 -1 -1 -1 1 -1 1
182648_8.jpg -1 1 -1 -1 1 1 -1 -1 1 -1 1 -1 1
182648_9.jpg -1 1 -1 -1 1 1 -1 -1 1 1 -1 -1 1
182648_10.jpg -1 1 -1 -1 1 1 -1 -1 1 -1 1 -1 1
182648_11.jpg -1 1 -1 -1 1 1 -1 -1 1 -1 1 1 1
182648_12.jpg -1 1 -1 -1 1 1 -1 -1 1 -1 1 1 -1
182649_0.jpg 1 -1 1 -1 -1 -1 -1 1 1 1 -1 -1 1
182649_1.jpg -1 1 1 -1 -1 -1 -1 1 1 1 -1 -1 1
182649_2.jpg -1 1 -1 -1 -1 -1 -1 1 1 1 -1 -1 1
182649_3.jpg -1 1 -1 1 -1 -1 -1 1 1 1 -1 -1 1
182649_4.jpg -1 1 -1 -1 1 -1 -1 1 1 1 -1 -1 1
182649_5.jpg -1 1 -1 -1 1 1 -1 1 1 1 -1 -1 1
182649_6.jpg -1 1 -1 -1 1 1 1 1 1 1 -1 -1 1
182649_7.jpg -1 1 -1 -1 1 1 1 -1 1 1 -1 -1 1
182649_8.jpg -1 1 -1 -1 1 1 1 -1 -1 1 -1 -1 1
182649_9.jpg -1 1 -1 -1 1 1 1 -1 -1 -1 -1 -1 1
182649_10.jpg -1 1 -1 -1 1 1 1 -1 -1 -1 1 -1 1
182649_11.jpg -1 1 -1 -1 1 1 1 -1 -1 -1 1 1 1
182649_12.jpg -1 1 -1 -1 1 1 1 -1 -1 -1 1 1 -1
182650_0.jpg 1 -1 -1 -1 1 1 -1 -1 -1 -1 1 -1 1
182650_1.jpg -1 1 -1 -1 1 1 -1 -1 -1 -1 1 -1 1
182650_2.jpg -1 1 1 -1 -1 1 -1 -1 -1 -1 1 -1 1
182650_3.jpg -1 1 -1 1 -1 1 -1 -1 -1 -1 1 -1 1
182650_4.jpg -1 1 -1 -1 1 1 -1 -1 -1 -1 1 -1 1
182650_5.jpg -1 1 -1 -1 1 -1 -1 -1 -1 -1 1 -1 1
182650_6.jpg -1 1 -1 -1 1 -1 1 -1 -1 -1 1 -1 1
182650_7.jpg -1 1 -1 -1 1 -1 1 1 -1 -1 1 -1 1
182650_8.jpg -1 1 -1 -1 1 -1 1 1 1 -1 1 -1 1
182650_9.jpg -1 1 -1 -1 1 -1 1 1 1 1 -1 -1 1
182650_10.jpg -1 1 -1 -1 1 -1 1 1 1 -1 1 -1 1
182650_11.jpg -1 1 -1 -1 1 -1 1 1 1 -1 1 1 1
182650_12.jpg -1 1 -1 -1 1 -1 1 1 1 -1 1 1 -1
182651_0.jpg 1 -1 -1 -1 -1 -1 -1 -1 -1 -1 1 -1 1
182651_1.jpg -1 1 -1 -1 -1 -1 -1 -1 -1 -1 1 -1 1
182651_2.jpg -1 1 1 -1 -1 -1 -1 -1 -1 -1 1 -1 1
182651_3.jpg -1 1 -1 1 -1 -1 -1 -1 -1 -1 1 -1 1
182651_4.jpg -1 1 -1 -1 1 -1 -1 -1 -1 -1 1 -1 1
182651_5.jpg -1 1 -1 -1 1 1 -1 -1 -1 -1 1 -1 1
182651_6.jpg -1 1 -1 -1 1 1 1 -1 -1 -1 1 -1 1
182651_7.jpg -1 1 -1 -1 1 1 1 1 -1 -1 1 -1 1
182651_8.jpg -1 1 -1 -1 1 1 1 1 1 -1 1 -1 1
182651_9.jpg -1 1 -1 -1 1 1 1 1 1 1 -1 -1 1
182651_10.jpg -1 1 -1 -1 1 1 1 1 1 -1 1 -1 1
182651_11.jpg -1 1 -1 -1 1 1 1 1 1 -1 1 1 1
182651_12.jpg -1 1 -1 -1 1 1 1 1 1 -1 1 1 -1
182652_0.jpg 1 -1 -1 -1 -1 -1 -1 1 1 -1 -1 -1 1
182652_1.jpg -1 1 -1 -1 -1 -1 -1 1 1 -1 -1 -1 1
182652_2.jpg -1 1 1 -1 -1 -1 -1 1 1 -1 -1 -1 1
182652_3.jpg -1 1 -1 1 -1 -1 -1 1 1 -1 -1 -1 1
182652_4.jpg -1 1 -1 -1 1 -1 -1 1 1 -1 -1 -1 1
182652_5.jpg -1 1 -1 -1 1 1 -1 1 1 -1 -1 -1 1
182652_6.jpg -1 1 -1 -1 1 1 1 1 1 -1 -1 -1 1
182652_7.jpg -1 1 -1 -1 1 1 1 -1 1 -1 -1 -1 1
182652_8.jpg -1 1 -1 -1 1 1 1 -1 -1 -1 -1 -1 1
182652_9.jpg -1 1 -1 -1 1 1 1 -1 -1 1 -1 -1 1
182652_10.jpg -1 1 -1 -1 1 1 1 -1 -1 -1 1 -1 1
182652_11.jpg -1 1 -1 -1 1 1 1 -1 -1 -1 1 1 1
182652_12.jpg -1 1 -1 -1 1 1 1 -1 -1 -1 1 1 -1
182653_0.jpg 1 -1 -1 -1 -1 1 -1 1 -1 -1 1 -1 1
182653_1.jpg -1 1 -1 -1 -1 1 -1 1 -1 -1 1 -1 1
182653_2.jpg -1 1 1 -1 -1 1 -1 1 -1 -1 1 -1 1
182653_3.jpg -1 1 -1 1 -1 1 -1 1 -1 -1 1 -1 1
182653_4.jpg -1 1 -1 -1 1 1 -1 1 -1 -1 1 -1 1
182653_5.jpg -1 1 -1 -1 1 -1 -1 1 -1 -1 1 -1 1
182653_6.jpg -1 1 -1 -1 1 -1 1 1 -1 -1 1 -1 1
182653_7.jpg -1 1 -1 -1 1 -1 1 -1 -1 -1 1 -1 1
182653_8.jpg -1 1 -1 -1 1 -1 1 -1 1 -1 1 -1 1
182653_9.jpg -1 1 -1 -1 1 -1 1 -1 1 1 -1 -1 1
182653_10.jpg -1 1 -1 -1 1 -1 1 -1 1 -1 1 -1 1
182653_11.jpg -1 1 -1 -1 1 -1 1 -1 1 -1 1 1 1
182653_12.jpg -1 1 -1 -1 1 -1 1 -1 1 -1 1 1 -1
